-2.938110232353210449e-01
-2.956093072891235352e+00
-8.132009953260421753e-02
-4.917005062103271484e+00
0.000000000000000000e+00
-1.886336058378219604e-01
-3.952994585037231445e+00
-8.725526183843612671e-02
-5.239314213395118713e-02
-2.479519248008728027e-01
-1.705789566040039062e-01
-5.993368104100227356e-02
-1.295855194330215454e-01
-1.552498191595077515e-01
0.000000000000000000e+00
2.143502421677112579e-02
-7.729105353355407715e-01
-2.687213476747274399e-03
-2.465876936912536621e-01
-8.772762864828109741e-02
-3.045713663101196289e+00
-1.184821948409080505e-01
-5.709040760993957520e-01
-1.519540101289749146e-01
-1.064523607492446899e-01
-3.112741112709045410e-01
-1.842935085296630859e-01
-2.089937180280685425e-01
3.443360924720764160e-01
-1.030237674713134766e+00
-8.153689652681350708e-02
-2.078015208244323730e-01
-2.801363468170166016e+00
-8.283374309539794922e-01
-4.663377761840820312e+00
-2.376296520233154297e+00
-9.107567020691931248e-04
2.239650115370750427e-02
-1.735207587480545044e-01
-1.820364445447921753e-01
-5.728337764739990234e-01
-4.350720405578613281e+00
-3.882633149623870850e-02
-5.087433010339736938e-02
-7.514753937721252441e-01
-3.221194818615913391e-02
-5.157727003097534180e-02
-5.195680856704711914e-01
-1.864579916000366211e-01
0.000000000000000000e+00
-1.888455450534820557e-02
-2.347733974456787109e+00
0.000000000000000000e+00
-4.137778878211975098e-01
-6.173721980303525925e-03
-7.953894138336181641e-02
-5.517157912254333496e-01
1.395016759634017944e-01
-1.580673754215240479e-01
-2.893347024917602539e+00
-2.226892471313476562e+00
-3.854427933692932129e-01
-1.186903476715087891e+00
-4.147070273756980896e-02
-2.213756442070007324e-01
-1.302710175514221191e-01
4.067414700984954834e-01
-1.835280060768127441e-01
-1.677181385457515717e-02
-1.652160435914993286e-01
-3.542515754699707031e+00
-5.858330801129341125e-02
-3.202316462993621826e-01
-6.985481083393096924e-02
-6.040955781936645508e-01
-2.506534337997436523e+00
-1.470358576625585556e-02
-1.313118815422058105e+00
-2.705980300903320312e+00
-2.656295299530029297e+00
-2.232571095228195190e-01
1.107989192008972168e+00
-3.230029940605163574e-01
3.738485872745513916e-01
-2.477602720260620117e+00
-7.958641052246093750e-01
-4.596410751342773438e+00
-2.877788245677947998e-02
-1.313865065574645996e+00
-6.018293555825948715e-03
-7.746778428554534912e-02
-1.429119825363159180e+00
-3.508014917373657227e+00
-4.296578884124755859e+00
-2.484179735183715820e+00
-2.345920085906982422e+00
-4.267384111881256104e-01
-1.678978204727172852e-01
-1.848358362913131714e-01
-6.550133228302001953e-02
