-4.652028903365135193e-03 4.698707163333892822e-02 -3.110837005078792572e-02 6.051189452409744263e-02
-3.711734339594841003e-02 5.021749529987573624e-03 6.997119635343551636e-04 -2.354047819972038269e-02
1.111269462853670120e-02 -4.253726080060005188e-02 2.159895375370979309e-02 -2.241031378507614136e-01
-3.978032246232032776e-02 -3.761833906173706055e-02 -3.510669618844985962e-02 -3.396241366863250732e-02
8.062852174043655396e-02 1.590626686811447144e-01 1.943144500255584717e-01 -1.803717762231826782e-01
9.376788884401321411e-02 -1.210292428731918335e-01 1.562445163726806641e-01 -1.951138079166412354e-01
9.536731988191604614e-02 1.524502970278263092e-02 -6.730356067419052124e-02 -4.056466743350028992e-02
3.022083640098571777e-02 2.737782709300518036e-02 3.289381042122840881e-02 3.496663272380828857e-02
1.034550517797470093e-01 -2.706238010432571173e-04 -1.874752901494503021e-02 -9.594321250915527344e-02
-2.669518068432807922e-02 3.741257591173052788e-03 -3.740489250048995018e-03 -2.202680706977844238e-02
6.849718093872070312e-02 1.646113395690917969e-01 1.404430270195007324e-01 7.865466177463531494e-02
-9.233826771378517151e-03 -1.037176772952079773e-01 -1.462045758962631226e-01 5.927158892154693604e-02
-3.657609969377517700e-02 -1.417256891727447510e-01 -4.182986449450254440e-03 6.602341681718826294e-02
-1.349130272865295410e-02 2.193698193877935410e-03 -2.425212785601615906e-02 4.390847310423851013e-02
-6.111085787415504456e-02 -5.649988353252410889e-02 -5.954367294907569885e-02 -6.846822798252105713e-02
-3.793180361390113831e-02 -3.750443086028099060e-02 -4.475491493940353394e-02 -3.838019818067550659e-02
-2.720977365970611572e-02 -2.158003626391291618e-03 -2.983935177326202393e-02 -3.469979623332619667e-03
2.618877682834863663e-03 -1.566860009916126728e-03 -3.257102100178599358e-03 5.340600851923227310e-03
-1.193550825119018555e-01 -6.518270354717969894e-03 -3.471967577934265137e-02 1.278221756219863892e-01
-3.566018491983413696e-02 -7.696663495153188705e-03 -6.422115955501794815e-03 1.469750236719846725e-02
-1.907795667648315430e-01 4.703146219253540039e-02 2.433492988348007202e-02 4.925334360450506210e-03
-3.655749559402465820e-02 -3.042476437985897064e-02 -3.186340257525444031e-02 -3.023286163806915283e-02
1.111100912094116211e-01 1.241411194205284119e-01 1.561232805252075195e-01 1.170372366905212402e-01
9.558681398630142212e-02 -1.590864211320877075e-01 7.375321350991725922e-03 -7.363473623991012573e-02
-3.582915663719177246e-02 4.608555883169174194e-02 -1.623181812465190887e-02 3.329187631607055664e-02
1.332399547100067139e-01 1.713058352470397949e-02 1.332857459783554077e-02 3.309122100472450256e-02
6.548718363046646118e-02 -7.093467563390731812e-02 4.794833250343799591e-03 -7.681206334382295609e-03
1.257858127355575562e-01 -1.648676395416259766e-01 6.961396336555480957e-02 6.847757846117019653e-02
4.150073230266571045e-02 8.796482533216476440e-02 9.638094902038574219e-02 -7.724551111459732056e-02
-3.016934357583522797e-02 -6.535412371158599854e-02 -8.813398890197277069e-03 -6.705497205257415771e-02
-1.189535856246948242e-01 -4.220792278647422791e-02 -1.710595786571502686e-01 1.153076440095901489e-01
-5.539229884743690491e-02 -5.100914463400840759e-02 -4.824258759617805481e-02 -5.814298987388610840e-02
6.913395524024963379e-01 6.891986131668090820e-01 6.901238560676574707e-01 6.915919184684753418e-01
-5.500556528568267822e-02 2.412254549562931061e-02 6.931046396493911743e-02 -7.261977344751358032e-02
-3.554835170507431030e-02 -7.811164855957031250e-02 -1.720852553844451904e-01 5.304734036326408386e-02
4.794276505708694458e-02 -9.358454495668411255e-02 -5.897892639040946960e-03 -3.906024247407913208e-02
-7.354610413312911987e-02 2.642678096890449524e-02 -3.547272458672523499e-02 1.316004991531372070e-02
1.313572470098733902e-02 -1.974398829042911530e-02 -1.084319129586219788e-02 -7.847895473241806030e-02
-7.372510433197021484e-02 1.827513575553894043e-01 -6.023174896836280823e-02 9.453308768570423126e-03
4.489568620920181274e-02 -1.210371404886245728e-01 -1.127334870398044586e-02 -4.486897215247154236e-02
2.481503784656524658e-02 -1.888125836849212646e-01 -1.984974741935729980e-01 7.597237080335617065e-02
5.370596423745155334e-02 -3.407509252429008484e-02 6.094431504607200623e-02 -2.185991033911705017e-02
6.703656166791915894e-02 -1.393800377845764160e-01 7.694838568568229675e-03 -4.004639014601707458e-02
3.849218040704727173e-02 -1.874438859522342682e-02 -6.848428398370742798e-03 2.610647678375244141e-02
-9.979292005300521851e-02 3.355943784117698669e-02 -4.531992971897125244e-02 1.304422039538621902e-03
-2.055681198835372925e-01 -2.083518207073211670e-01 -2.061915993690490723e-01 -2.075277715921401978e-01
-1.462834607809782028e-02 -4.031753912568092346e-02 7.956935465335845947e-02 -5.401741340756416321e-02
-7.965102046728134155e-02 6.804943084716796875e-02 1.367805153131484985e-01 -1.580408513545989990e-01
2.511440217494964600e-02 -3.723234310746192932e-02 4.781661555171012878e-02 -5.760563537478446960e-02
-8.184824138879776001e-03 1.862757955677807331e-03 3.092652931809425354e-02 2.198644876480102539e-01
-2.234295383095741272e-02 -2.407064475119113922e-02 1.499304920434951782e-02 -2.140729688107967377e-02
-4.863437265157699585e-02 -2.230040915310382843e-02 -4.698748141527175903e-02 -1.771312020719051361e-02
-7.331015169620513916e-02 -7.323778420686721802e-02 -8.179248869419097900e-02 -8.015846461057662964e-02
-7.319367676973342896e-02 -8.948652446269989014e-02 -9.173489362001419067e-02 -8.951292186975479126e-02
3.458634018898010254e-02 3.719168016687035561e-03 9.982077404856681824e-03 1.235524105140939355e-04
-1.016888245940208435e-01 5.015222728252410889e-02 -6.949109584093093872e-02 1.025149226188659668e-02
-1.607045717537403107e-02 -2.669222652912139893e-02 -2.015575394034385681e-02 -5.383435171097517014e-03
4.275106638669967651e-02 -1.825382001698017120e-02 -1.684329472482204437e-02 -1.021347288042306900e-02
-1.289289742708206177e-01 8.133926242589950562e-02 6.093951687216758728e-02 -7.956207543611526489e-02
-1.240788698196411133e-01 2.801782637834548950e-02 -1.755784265697002411e-02 1.719838082790374756e-01
6.606008112430572510e-02 2.384273558855056763e-01 -1.287346007302403450e-03 -7.358785718679428101e-02
-3.103558719158172607e-02 -2.008489519357681274e-01 4.438718780875205994e-02 1.289623230695724487e-01
-7.608695328235626221e-02 -5.157798994332551956e-03 -1.682516336441040039e-01 7.261212915182113647e-02
1.668938845396041870e-01 5.942713096737861633e-02 -9.604509919881820679e-02 5.563574656844139099e-02
5.938104167580604553e-02 3.725337237119674683e-02 1.514629423618316650e-01 9.946586936712265015e-02
6.378882378339767456e-02 1.885741651058197021e-01 9.718335419893264771e-02 7.586633414030075073e-02
1.172218658030033112e-02 5.612832680344581604e-02 4.445318132638931274e-03 5.207474529743194580e-02
1.485290704295039177e-03 9.067715145647525787e-04 7.131649646908044815e-03 -3.599879518151283264e-02
-1.229069977998733521e-01 1.761654168367385864e-01 7.374205440282821655e-02 7.593433558940887451e-02
5.999691411852836609e-02 -1.901100575923919678e-01 1.204002276062965393e-01 8.135270327329635620e-02
6.554145365953445435e-02 -5.518320482224225998e-03 -7.683451473712921143e-02 -5.926297977566719055e-02
8.796002715826034546e-02 -3.137062489986419678e-02 2.677168883383274078e-02 6.526248902082443237e-02
2.096522413194179535e-02 -6.720509380102157593e-02 -5.394134670495986938e-02 -9.848996996879577637e-02
6.583166867494583130e-02 -1.135594793595373631e-03 3.922358155250549316e-02 -7.677004486322402954e-02
2.468477189540863037e-02 -5.712560936808586121e-02 4.881929606199264526e-02 -6.502986699342727661e-02
-4.052906855940818787e-02 -3.180488198995590210e-02 -3.711330145597457886e-02 -2.595460601150989532e-02
-7.183617353439331055e-02 -6.860772520303726196e-02 -6.246532499790191650e-02 -6.615646928548812866e-02
4.727533832192420959e-02 -9.381279349327087402e-02 -6.331397593021392822e-02 -2.576269395649433136e-02
1.554819522425532341e-03 3.605217486619949341e-02 -6.066225841641426086e-02 2.897203713655471802e-02
-5.799885094165802002e-02 -5.911164358258247375e-02 -4.523599147796630859e-02 -4.419292509555816650e-02
-4.329638183116912842e-02 -3.906486555933952332e-02 -3.316309303045272827e-02 -3.315367549657821655e-02
1.366809159517288208e-01 1.224977076053619385e-01 -1.772564500570297241e-01 1.738831847906112671e-01
-2.515789307653903961e-02 -4.456771165132522583e-02 1.502584572881460190e-02 -8.858893997967243195e-03
-4.977778345346450806e-02 -1.645541563630104065e-02 -7.597583346068859100e-03 -6.171797215938568115e-02
-1.546196988783776760e-03 -1.004638383165001869e-03 3.116607433184981346e-03 -6.782947108149528503e-03
-7.155317813158035278e-03 3.179637249559164047e-03 6.857640575617551804e-03 7.511377800256013870e-03
5.202920362353324890e-02 -2.856627292931079865e-02 1.200615335255861282e-02 -1.848330534994602203e-02
5.121756694279611111e-04 2.667877264320850372e-02 -2.019737614318728447e-03 6.188100576400756836e-02
5.257933866232633591e-03 2.023991569876670837e-02 -3.438151255249977112e-02 3.179090097546577454e-02
4.444571584463119507e-02 -1.612842455506324768e-02 -2.492867875844240189e-03 1.400871574878692627e-02
4.260490182787179947e-03 1.624257303774356842e-02 -3.911929950118064880e-02 1.425024718046188354e-01
-6.012783269397914410e-04 8.798734098672866821e-02 1.567489504814147949e-01 -1.968099325895309448e-01
-1.019952893257141113e-01 -3.461561724543571472e-02 9.363505523651838303e-05 -5.033776164054870605e-02
3.683458641171455383e-02 1.312937401235103607e-02 7.206075359135866165e-03 6.100168451666831970e-02
2.130932640284299850e-03 -4.196614492684602737e-03 -1.608869433403015137e-02 -4.154900461435317993e-02
-5.725988000631332397e-02 -6.586280465126037598e-02 -6.382145732641220093e-02 -6.279749423265457153e-02
2.467217855155467987e-03 4.785375669598579407e-03 -4.553234670311212540e-03 4.937839508056640625e-02
3.004297241568565369e-02 4.514504224061965942e-02 -6.421570479869842529e-02 -1.235710382461547852e-01
-5.199395865201950073e-02 -4.092961549758911133e-02 -4.685191437602043152e-02 -4.421447962522506714e-02
-8.562963455915451050e-02 -8.365190774202346802e-02 -8.538857847452163696e-02 -8.671925961971282959e-02
