-1.309472173452377319e-01
-2.435602694749832153e-01
-2.016297429800033569e-01
-1.991209983825683594e-01
-8.016983419656753540e-02
-1.349996626377105713e-01
-9.062710404396057129e-02
3.987052440643310547e-01
-1.100198477506637573e-01
-1.125668585300445557e-01
-6.044925376772880554e-02
5.507093295454978943e-02
-9.255640953779220581e-02
-1.817605853080749512e+00
9.952469915151596069e-02
8.757994323968887329e-02
-2.611631155014038086e+00
-3.010902404785156250e-01
-7.923941314220428467e-02
-2.216009348630905151e-01
-1.706107109785079956e-01
-2.449005603790283203e+00
-6.796912848949432373e-02
-9.407353401184082031e-02
1.222265288233757019e-01
-1.467274546623229980e+00
1.321884691715240479e-01
-1.566413342952728271e-01
-1.529586017131805420e-01
4.695814102888107300e-02
-2.449573017656803131e-02
-1.160072013735771179e-01
2.764590024948120117e+00
8.852227777242660522e-02
5.022178962826728821e-02
6.635299324989318848e-02
7.474642246961593628e-02
-2.097270786762237549e-01
-1.666303575038909912e-01
8.745047450065612793e-02
-8.723834156990051270e-02
-2.372994124889373779e-01
8.547169715166091919e-02
-6.964896917343139648e-01
8.645369112491607666e-02
-4.561631008982658386e-02
-1.638166159391403198e-01
-1.432968825101852417e-01
7.897575944662094116e-02
-2.289600819349288940e-01
-9.844065904617309570e-01
-1.519052982330322266e+00
-1.072349548339843750e-01
-1.092275511473417282e-02
-1.015106797218322754e+00
8.448882959783077240e-03
-6.309964179992675781e+00
-2.095034271478652954e-01
-2.306243479251861572e-01
-9.669033437967300415e-02
-1.350385099649429321e-01
-1.742342561483383179e-01
8.881247788667678833e-02
-4.926961660385131836e-02
-4.967584088444709778e-02
-2.107173800468444824e-01
-1.535466194152832031e+00
-2.998390495777130127e-01
-7.714899629354476929e-02
-1.112169399857521057e-01
-9.564132243394851685e-02
-6.649215519428253174e-02
-1.204890534281730652e-01
-1.356509476900100708e-01
-1.852805018424987793e-01
1.071102172136306763e-01
-2.612464129924774170e-02
-1.981519609689712524e-01
-2.052795588970184326e-01
8.097920566797256470e-02
-1.188889443874359131e-01
-1.117084473371505737e-01
-1.584488749504089355e-01
-9.709986299276351929e-02
-4.628344535827636719e+00
-1.052623939514160156e+01
-2.831938862800598145e-01
-2.329830378293991089e-01
-3.691838085651397705e-01
3.141665086150169373e-02
-1.024098321795463562e-01
-1.436465084552764893e-01
-1.002035021781921387e+00
-8.407776832580566406e+00
-4.572500586509704590e-01
-9.611574001610279083e-03
-4.538561344146728516e+00
-1.105233058333396912e-01
1.027276366949081421e-01
8.474841713905334473e-02
