1.989789120852947235e-02
-9.054975956678390503e-02
-1.656248867511749268e-01
-3.612359464168548584e-01
-1.360350102186203003e-01
-2.244082689285278320e-01
-1.497821927070617676e+00
-8.662754297256469727e-02
-6.735618710517883301e-01
7.217145711183547974e-02
-3.942849636077880859e-01
-1.046346351504325867e-01
-2.170155793428421021e-01
-9.633671492338180542e-02
-3.710326194763183594e+00
-1.713889837265014648e-01
-1.407777816057205200e-01
-1.621403992176055908e-01
-2.357523590326309204e-01
-7.715529948472976685e-02
-1.464522182941436768e-01
-2.833561599254608154e-01
-1.278229117393493652e+00
-2.969813585281372070e+00
-6.346208602190017700e-02
-2.377339363098144531e+00
-7.869967073202133179e-02
-9.885446727275848389e-02
-1.752549409866333008e-01
-1.276730448007583618e-01
-2.940482227131724358e-03
-9.013152867555618286e-02
-3.185753345489501953e+00
-1.124054193496704102e-01
-1.582982242107391357e-01
-1.669749617576599121e+00
-3.984050154685974121e-01
-6.490316987037658691e-02
-6.925159692764282227e-02
-9.605325758457183838e-02
-1.268015950918197632e-01
-2.055491924285888672e+00
-1.174825280904769897e-01
9.319031983613967896e-02
-3.239057064056396484e+00
-1.597601175308227539e-01
-1.279499232769012451e-01
-1.245084404945373535e+00
-1.883266329765319824e+00
-1.805136799812316895e-01
-2.875102281570434570e+00
-1.195656135678291321e-01
-1.591883599758148193e-01
-6.028836593031883240e-02
-6.846389174461364746e-01
-2.923015117645263672e+00
-1.685926765203475952e-01
-3.425647735595703125e+00
-1.258139312267303467e-01
2.855831757187843323e-02
-2.066378593444824219e-01
-6.064115166664123535e-01
-1.028300523757934570e-01
-8.059325814247131348e-02
-3.288884460926055908e-02
-2.598295807838439941e-01
-5.357366427779197693e-02
5.820742845535278320e-01
1.669070839881896973e+00
-2.391131639480590820e+00
-2.622995972633361816e-01
-1.417047679424285889e-01
-1.118844151496887207e-01
-2.329416513442993164e+00
-1.561439335346221924e-01
-1.166585683822631836e+00
-1.270775198936462402e-01
-3.573311865329742432e-01
-2.206062793731689453e+00
-1.141763180494308472e-01
-1.549797598272562027e-02
-1.805205643177032471e-01
-2.717614732682704926e-02
1.963569968938827515e-01
-1.243015453219413757e-01
-1.635349839925765991e-01
-1.075739562511444092e-01
-1.560634225606918335e-01
-5.398555472493171692e-02
-1.543596573173999786e-02
-2.334294795989990234e+00
-1.037879586219787598e-01
-3.793129324913024902e-01
-1.241117566823959351e-01
-1.171383500099182129e+00
-1.210829913616180420e-01
-5.669262886047363281e+00
-1.041035279631614685e-01
-1.878832221031188965e+00
-1.117860376834869385e-01
