7.119253873825073242e-01
4.128357470035552979e-01
0.000000000000000000e+00
-1.118989437818527222e-01
-4.627003893256187439e-02
-2.264121770858764648e-01
-3.419254720211029053e-02
4.892279207706451416e-01
-1.488057732582092285e+00
-3.562073111534118652e-01
2.261421456933021545e-02
-1.314902544021606445e+00
-4.525411427021026611e-01
-1.869509965181350708e-01
-1.707158088684082031e+00
-2.471367359161376953e+00
-2.776472568511962891e-01
-3.473148494958877563e-02
-2.190200053155422211e-02
-2.221702098846435547e+00
0.000000000000000000e+00
-1.643538624048233032e-01
-1.199228167533874512e+00
-1.060514211654663086e+00
-1.599529147148132324e+00
0.000000000000000000e+00
-8.918552845716476440e-02
-5.592191219329833984e-01
-7.916592955589294434e-01
-2.051141113042831421e-02
-1.342245340347290039e-01
-9.469130635261535645e-02
-1.660961985588073730e+00
-2.087358713150024414e+00
-1.431650280952453613e+00
-4.519299566745758057e-01
-1.599464267492294312e-01
-1.069219946861267090e+00
-1.903061717748641968e-01
-8.130303025245666504e-01
9.317842721939086914e-01
-7.594110965728759766e-01
-1.507035613059997559e+00
-2.131357669830322266e+00
-2.339080870151519775e-01
-2.596787549555301666e-02
-2.435020059347152710e-01
-1.551097780466079712e-01
1.101634979248046875e+00
-2.780631065368652344e+00
-1.888490766286849976e-01
-1.807593852281570435e-01
-2.550981640815734863e-01
-1.168344318866729736e-01
-2.332446575164794922e-01
-1.733959652483463287e-02
-2.278564125299453735e-01
-6.923611760139465332e-01
-1.368662863969802856e-01
-2.200533390045166016e+00
-1.420845240354537964e-01
-1.119258627295494080e-01
-1.433952689170837402e+00
0.000000000000000000e+00
-4.261783659458160400e-01
-3.381692245602607727e-02
-6.482710242271423340e-01
-3.850490450859069824e-01
-4.388865455985069275e-02
-1.033073782920837402e+00
-1.360984891653060913e-01
-1.322903037071228027e-01
-9.804916381835937500e-02
-1.207200527191162109e+00
-1.189417719841003418e+00
1.784773021936416626e-01
-8.357641287147998810e-03
-1.278716564178466797e+00
-2.080189228057861328e+00
-4.146630316972732544e-02
-2.568323612213134766e-01
-1.504489332437515259e-01
-2.304335117340087891e+00
-1.013532206416130066e-01
-2.571174860000610352e+00
-1.038562059402465820e-01
-1.014247462153434753e-01
-6.393118947744369507e-02
-8.562824130058288574e-02
-2.759113550186157227e+00
-1.348161548376083374e-01
-2.640663385391235352e-01
-1.983292400836944580e-02
-3.970176279544830322e-01
-7.178688049316406250e-02
-5.813843570649623871e-03
-2.150202393531799316e-01
-5.261627435684204102e-01
-9.808149337768554688e-01
-7.557197660207748413e-02
