-3.531854832544922829e-03 -1.046214252710342407e-01 -3.204779699444770813e-02 -1.723845116794109344e-02
-1.906056329607963562e-02 -2.217026799917221069e-02 -1.749977096915245056e-02 -3.279156610369682312e-02
-4.827319178730249405e-03 3.434592112898826599e-02 7.376673072576522827e-02 -4.009140282869338989e-02
5.093643441796302795e-02 4.100845754146575928e-02 1.006381586194038391e-02 -2.840542700141668320e-03
2.970246784389019012e-02 1.037087012082338333e-02 -4.722866695374250412e-03 1.576913637109100819e-03
-7.376191765069961548e-02 6.839656084775924683e-02 4.072867799550294876e-03 3.816713765263557434e-02
-1.985050141811370850e-01 1.330812275409698486e-01 1.747091412544250488e-01 -8.381921797990798950e-04
-1.328272931277751923e-02 -3.698942810297012329e-02 -1.929384283721446991e-02 -2.043891698122024536e-02
8.082507178187370300e-03 -1.170344650745391846e-01 1.588092595338821411e-01 6.752547342330217361e-04
-5.186866223812103271e-02 3.230426833033561707e-02 -9.286581724882125854e-02 2.184371277689933777e-02
-5.544085800647735596e-02 1.322249323129653931e-02 3.775586187839508057e-02 -5.609865300357341766e-03
-7.157987914979457855e-03 -4.660451039671897888e-02 -7.846689969301223755e-02 7.778215408325195312e-02
-1.141453087329864502e-01 -8.076944202184677124e-02 -1.010187342762947083e-01 -7.860582321882247925e-02
2.576401643455028534e-02 5.672574788331985474e-02 2.127270586788654327e-02 2.601422183215618134e-02
5.288109183311462402e-03 4.548003897070884705e-02 -6.601771339774131775e-03 1.627923175692558289e-02
-4.928390681743621826e-02 -6.007859483361244202e-02 -4.440115019679069519e-02 1.114772446453571320e-02
-5.673898756504058838e-02 -1.865582913160324097e-01 1.602094620466232300e-01 7.172381132841110229e-02
-2.615869045257568359e-02 -3.868648037314414978e-02 -5.260001122951507568e-02 -1.963684335350990295e-02
-3.534985333681106567e-02 -4.738992825150489807e-02 -8.103784173727035522e-03 -6.171797588467597961e-02
9.520403109490871429e-03 -2.761647477746009827e-02 -1.005479134619235992e-02 3.302913159132003784e-02
-6.247308105230331421e-02 -4.882940277457237244e-02 -6.329774856567382812e-02 -5.240347608923912048e-02
4.077612236142158508e-02 6.001897621899843216e-03 -1.527492050081491470e-02 -3.082531876862049103e-02
-8.652209490537643433e-02 2.285186387598514557e-02 -5.029090866446495056e-02 -3.655128879472613335e-03
-7.306813448667526245e-02 -9.219412691891193390e-03 -7.376763969659805298e-02 4.700720310211181641e-02
6.825415790081024170e-02 5.750386416912078857e-02 -3.709338977932929993e-02 -1.718656159937381744e-02
5.890528857707977295e-02 1.139487996697425842e-01 -1.024383828043937683e-01 -1.212371699512004852e-02
2.407246502116322517e-03 1.941212080419063568e-02 2.140804380178451538e-02 2.243705466389656067e-02
-2.316354215145111084e-02 -1.978233642876148224e-02 -1.528646051883697510e-02 -3.808671236038208008e-02
4.534238204360008240e-02 -2.768449485301971436e-02 3.625769540667533875e-02 1.470507029443979263e-02
7.336302399635314941e-01 7.367084622383117676e-01 7.388703823089599609e-01 7.375345826148986816e-01
-2.458567358553409576e-02 1.895623514428734779e-03 6.303014233708381653e-03 -3.099060151726007462e-03
-1.765145175158977509e-02 -6.562320142984390259e-02 -2.324658259749412537e-02 -3.112516924738883972e-02
-5.635100603103637695e-02 3.954881802201271057e-02 -2.110433578491210938e-02 1.365318056195974350e-02
-3.455527499318122864e-02 -5.609668046236038208e-02 -2.290581911802291870e-01 3.813813626766204834e-02
4.310250654816627502e-02 -1.231246814131736755e-01 -1.965661067515611649e-03 -7.874029129743576050e-02
1.472049206495285034e-02 -2.056321315467357635e-02 1.158572733402252197e-02 -2.051071729511022568e-03
8.516161888837814331e-02 -5.846055224537849426e-02 4.878674447536468506e-02 -4.252597317099571228e-02
1.639210134744644165e-01 -8.595153922215104103e-04 6.590621173381805420e-02 -1.798968575894832611e-02
-3.785330057144165039e-02 -7.233088836073875427e-03 -2.935253828763961792e-02 2.276678197085857391e-02
-1.394446194171905518e-01 3.781929984688758850e-02 -3.722573816776275635e-02 -6.838199682533740997e-03
-6.001576781272888184e-02 9.070145897567272186e-03 7.152176927775144577e-03 -1.542479265481233597e-03
-1.723871082067489624e-01 7.658044341951608658e-03 3.845280036330223083e-02 -1.192489042878150940e-01
9.281754493713378906e-02 -4.265922680497169495e-02 -2.323047444224357605e-02 -4.926865454763174057e-03
1.260200589895248413e-01 1.052057817578315735e-01 9.490603208541870117e-02 -3.503999114036560059e-02
3.104213625192642212e-02 -7.555393874645233154e-02 2.189039438962936401e-02 -1.124336197972297668e-02
-4.827113449573516846e-02 1.025830060243606567e-01 9.636534005403518677e-02 -5.749936774373054504e-02
-1.632895916700363159e-01 -3.948594443500041962e-03 -6.715747714042663574e-02 -1.175335124135017395e-01
-1.208852790296077728e-02 -2.625675871968269348e-03 1.017947569489479065e-01 -6.513883708976209164e-04
2.886230312287807465e-02 -4.839776956941932440e-04 1.027693226933479309e-02 1.646511852741241455e-01
-1.634283177554607391e-02 2.587302215397357941e-02 1.030394062399864197e-01 6.686296314001083374e-03
-8.802469819784164429e-02 -8.672967553138732910e-02 -8.861824125051498413e-02 -8.598172664642333984e-02
-1.641104817390441895e-01 5.582240223884582520e-02 -3.054320998489856720e-02 9.801504760980606079e-02
-2.116330899298191071e-03 5.099448934197425842e-02 1.317946016788482666e-01 -8.588000386953353882e-02
1.163922771811485291e-01 -3.439675271511077881e-02 5.350715015083551407e-03 1.879162713885307312e-02
-4.134871438145637512e-02 -5.010090768337249756e-02 -1.757316105067729950e-02 -5.857108160853385925e-02
-4.452094435691833496e-02 7.727532833814620972e-02 -4.254652187228202820e-03 -1.517726760357618332e-02
-3.057116828858852386e-02 -1.711405813694000244e-02 -3.424581140279769897e-02 -2.220442891120910645e-02
-4.581199958920478821e-02 -4.645002633333206177e-02 -4.335864260792732239e-02 6.621845997869968414e-03
5.093484371900558472e-02 -7.763186097145080566e-02 -3.577839583158493042e-02 -5.495078861713409424e-03
1.258799880743026733e-01 -1.451886296272277832e-01 5.903943628072738647e-02 -8.430894464254379272e-02
4.633793234825134277e-02 -1.059351190924644470e-01 7.860586978495121002e-03 -4.808932170271873474e-02
1.533025205135345459e-01 1.481590867042541504e-01 -1.499128341674804688e-01 -4.206525906920433044e-02
3.425526246428489685e-02 -2.046016901731491089e-01 -3.254057373851537704e-03 -8.481281995773315430e-02
-2.435729280114173889e-02 -3.136250749230384827e-02 -2.431064099073410034e-02 -2.665693312883377075e-02
1.504089385271072388e-01 1.513465642929077148e-01 1.346785128116607666e-01 7.336872071027755737e-02
-2.032783478498458862e-01 1.695358753204345703e-01 8.831708878278732300e-02 -5.457661673426628113e-02
4.839881882071495056e-02 7.864117622375488281e-02 1.030701026320457458e-01 -9.137085080146789551e-02
-7.492988556623458862e-02 -8.007629960775375366e-02 6.034834682941436768e-02 -2.729583978652954102e-01
1.403782516717910767e-01 -7.505102455615997314e-02 7.474765181541442871e-02 -1.424000412225723267e-01
-1.147404685616493225e-02 -3.242239356040954590e-02 -5.816126614809036255e-02 1.104165334254503250e-02
-4.467253759503364563e-02 -5.075277388095855713e-02 -3.379049897193908691e-02 -5.019781365990638733e-02
-7.472970336675643921e-02 -6.226703897118568420e-02 -4.842757061123847961e-02 5.849494040012359619e-02
-7.638058066368103027e-02 -5.275545269250869751e-02 8.747853338718414307e-02 -2.429395616054534912e-01
-3.139576874673366547e-03 -2.966348826885223389e-02 -5.867435038089752197e-02 2.291800919920206070e-03
9.971190243959426880e-02 6.042409688234329224e-02 -8.758419193327426910e-03 9.494453668594360352e-03
-6.087975203990936279e-02 -6.157067790627479553e-02 -5.596822127699851990e-02 -6.228683516383171082e-02
-6.350842304527759552e-03 2.097283303737640381e-02 -3.637437522411346436e-02 -7.095275074243545532e-02
-1.901068836450576782e-01 9.740962088108062744e-02 -2.003375906497240067e-03 2.125866338610649109e-02
-5.234319344162940979e-02 -7.382698357105255127e-02 -3.501216415315866470e-03 -7.446839660406112671e-02
-2.053067833185195923e-02 -6.698531657457351685e-02 -6.686330307275056839e-03 -6.741216930095106363e-05
1.912258379161357880e-02 -6.026861444115638733e-02 -4.651564639061689377e-03 -2.058899402618408203e-02
2.690938301384449005e-02 -1.593278348445892334e-01 3.750343993306159973e-02 -7.565995678305625916e-03
-9.124633669853210449e-02 -8.713776618242263794e-02 -8.531351387500762939e-02 -9.911596775054931641e-02
-1.083726063370704651e-03 6.152433902025222778e-02 4.871884733438491821e-02 -4.198737442493438721e-02
-2.575972676277160645e-02 5.799073353409767151e-02 -6.358412792906165123e-04 3.011212870478630066e-02
3.376246988773345947e-02 -8.028597570955753326e-03 -5.744509864598512650e-03 1.562403701245784760e-02
1.307081617414951324e-02 6.154944654554128647e-03 1.612693443894386292e-02 2.134844427928328514e-03
-3.605066537857055664e-01 -3.586390018463134766e-01 -3.603747785091400146e-01 -3.578074276447296143e-01
-4.934179410338401794e-02 -6.163342390209436417e-03 1.986228302121162415e-02 -1.427490636706352234e-02
-2.423956058919429779e-02 -3.532699868083000183e-02 -3.920960053801536560e-02 -3.509723767638206482e-02
1.019162014126777649e-01 6.193854659795761108e-02 -7.128453254699707031e-02 -1.435719151049852371e-02
1.091195046901702881e-01 -1.558318883180618286e-01 1.679187417030334473e-01 6.939879804849624634e-02
-1.568262465298175812e-02 -1.021887734532356262e-02 -1.479008607566356659e-02 -1.556513365358114243e-02
-6.273240596055984497e-02 -1.503221541643142700e-01 1.206707861274480820e-02 9.438768029212951660e-02
-4.443787410855293274e-02 -3.051757626235485077e-02 -8.026932179927825928e-02 3.785607218742370605e-02
5.318918079137802124e-02 -1.414147485047578812e-02 4.070489108562469482e-02 7.188099436461925507e-03
-7.860849052667617798e-02 -7.787051796913146973e-02 -9.706071019172668457e-02 -7.106571644544601440e-02
9.429652243852615356e-02 1.168944165110588074e-01 -7.662987709045410156e-02 7.136082649230957031e-02
-8.999741822481155396e-02 -7.297857850790023804e-02 5.908430367708206177e-02 -2.320648729801177979e-02
4.849187098443508148e-03 -2.187432348728179932e-02 -6.800332106649875641e-03 -1.199049968272447586e-02
