-1.020002841949462891e+00
-1.286083936691284180e+00
-2.344756126403808594e-01
-2.619542181491851807e-01
-3.671243786811828613e-01
-5.837606638669967651e-02
-1.162342205643653870e-01
-7.988323688507080078e+00
-2.126720696687698364e-01
-2.657123506069183350e-01
-1.060332879424095154e-01
-8.324980735778808594e-02
-7.547678798437118530e-02
2.050396949052810669e-01
-2.531759738922119141e-01
-9.206625074148178101e-02
-1.370113193988800049e-01
-6.246929764747619629e-01
1.157383434474468231e-02
-6.128854155540466309e-01
-4.558884143829345703e+00
-1.407404243946075439e-01
-1.543403975665569305e-02
-1.337782144546508789e-01
-1.582054346799850464e-01
-1.431809216737747192e-01
-2.334922313690185547e+00
-1.174250602722167969e+00
9.924860298633575439e-02
2.311744689941406250e+00
-2.832620441913604736e-01
-2.436571866273880005e-01
1.476642042398452759e-01
3.538481658324599266e-03
7.884135842323303223e-02
-2.736558437347412109e+00
-1.729551255702972412e-01
-1.382863819599151611e-01
-5.900589823722839355e-01
1.050951257348060608e-01
-2.918773591518402100e-01
3.725547716021537781e-02
-1.601344943046569824e-01
-6.899972259998321533e-02
-7.996339797973632812e-01
-1.362694054841995239e-01
-9.492073953151702881e-02
-1.058261319994926453e-01
-3.545490264892578125e+00
-1.155720204114913940e-01
-5.704288557171821594e-02
-1.212176457047462463e-01
-1.010407507419586182e-01
-1.246036067605018616e-01
-4.276248812675476074e-01
-1.277405917644500732e-01
-2.638336181640625000e+00
-1.155778020620346069e-01
-1.056214794516563416e-01
-1.383198350667953491e-01
1.562426623422652483e-04
-1.310937292873859406e-02
8.695355802774429321e-02
-3.076703310012817383e+00
-1.135472282767295837e-01
-1.326745599508285522e-01
-1.104269400238990784e-01
4.583002626895904541e-02
-1.623408347368240356e-01
-2.932755947113037109e+00
1.428439747542142868e-02
-1.565933972597122192e-01
-6.274802982807159424e-02
-2.313768118619918823e-01
-1.782862693071365356e-01
-3.139382302761077881e-01
-4.671982288360595703e+00
-7.839954644441604614e-02
6.535980105400085449e-02
-1.890936791896820068e-01
-3.456078529357910156e+00
-1.663930118083953857e-01
-1.029882505536079407e-01
-5.434437751770019531e+00
7.486476004123687744e-02
-9.940140843391418457e-01
-5.854047298431396484e+00
-1.045896261930465698e-01
-1.682612001895904541e-01
-2.738623321056365967e-01
-1.161784976720809937e-01
-1.360314935445785522e-01
-5.559674739837646484e+00
-2.833932265639305115e-02
-3.047275356948375702e-03
6.940121203660964966e-02
-3.031348250806331635e-02
-1.348720490932464600e-01
-1.998193711042404175e-01
-2.926962614059448242e+00
