-1.214462637901306152e+00
-2.315569639205932617e+00
-3.333421051502227783e-02
-2.306443899869918823e-01
-8.340430259704589844e-02
-7.664014399051666260e-02
-2.524252235889434814e-01
-4.637474194169044495e-02
-1.088549256324768066e+00
-1.297250241041183472e-01
-1.063996553421020508e-01
-2.212051630020141602e+00
-3.923216462135314941e-02
-4.102974891662597656e+00
-8.091861754655838013e-02
-7.735248655080795288e-02
-9.765283763408660889e-02
-7.287075370550155640e-02
-9.297146648168563843e-02
-5.322776362299919128e-02
-9.503727555274963379e-01
-2.686258405447006226e-02
-5.375128984451293945e-02
-1.402459383010864258e+00
-8.008430004119873047e-01
-6.625789403915405273e-02
-1.585376858711242676e-01
-4.120631515979766846e-02
-6.977897137403488159e-02
-8.321706950664520264e-02
-1.318061500787734985e-01
-5.830742046236991882e-02
1.263417840003967285e+00
4.973426759243011475e-01
-4.819174855947494507e-02
-4.769327118992805481e-02
-4.178304672241210938e-01
-6.461453437805175781e-02
-8.357453346252441406e-01
7.125440239906311035e-01
-8.526011556386947632e-02
-4.502463340759277344e-02
-9.910367131233215332e-01
-1.270187497138977051e-01
-1.115097925066947937e-01
-1.698474645614624023e+00
-6.522321105003356934e-01
-2.040747642517089844e+00
-1.146579012274742126e-01
-1.503196805715560913e-01
8.437715470790863037e-02
-5.712174344807863235e-03
-1.089829578995704651e-01
-3.583873808383941650e-02
-1.184651926159858704e-01
-2.102158308029174805e+00
-1.380334049463272095e-01
-2.660234212875366211e+00
-2.781395241618156433e-02
-1.344087272882461548e-01
5.512994527816772461e-01
-1.097734421491622925e-01
-8.443491458892822266e-01
5.092586874961853027e-01
-1.772062331438064575e-01
-1.050701290369033813e-01
1.161100983619689941e+00
-6.012631580233573914e-02
-4.433222711086273193e-01
-1.567641049623489380e-01
-9.475391358137130737e-02
-1.439320296049118042e-01
-5.584454536437988281e-01
-4.466231539845466614e-02
-1.339336037635803223e-01
-3.126135349273681641e+00
-1.367720514535903931e-01
-1.381870508193969727e-01
1.560655832290649414e+00
-1.068788468837738037e-01
-9.160629659891128540e-02
-1.581524848937988281e+00
-3.535568714141845703e-02
-2.095676183700561523e+00
1.356624364852905273e+00
-9.986054897308349609e-02
-8.228015899658203125e-02
-8.688920140266418457e-01
-1.674146205186843872e-01
-9.586806409060955048e-03
-3.903323784470558167e-02
-1.379470974206924438e-01
-1.296571791172027588e-01
-4.022343084216117859e-02
-2.627315521240234375e-01
3.048781156539916992e-01
-7.897594571113586426e-02
-2.308892250061035156e+00
-1.088686883449554443e-01
-4.641149342060089111e-01
